08 FF 80 03 25 
08 FF 28 03 C3 
08 FF 10 03 58 
88 25 28 07 00 18 
08 FF 60 03 73 
08 FF 58 03 E8 
08 FF 97 03 68 
88 25 28 07 00 18 
88 1B 10 10 09 5B 41 
88 1B 10 10 09 9B 74 
88 25 28 07 00 18 
08 FF 40 03 06 
88 25 28 07 00 18 
08 FF 80 03 25 
08 FF 10 03 58 
08 FF 28 03 C3 
88 25 28 07 00 18 
08 FF 58 03 E8 
08 FF 97 03 68 
08 FF 60 03 73 
88 25 28 07 00 18 
08 FF 40 03 06 
88 25 28 07 00 18 
88 25 28 07 00 18 
08 FF 80 03 25 
08 FF 10 03 58 
08 FF 28 03 C3 
88 25 28 07 00 18 
08 FF 58 03 E8 
08 FF 97 03 68 
08 FF 60 03 73 
88 25 28 07 00 18 
88 1B 10 10 09 55 E7 
08 FF 40 03 06 
88 25 28 07 00 18 
68 13 10 11 11 96 
88 1B 10 10 09 99 4E 
88 1B 10 10 09 DF 13 
88 1B 10 10 0B 3B 4D 
68 13 10 11 21 DC 
88 1B 10 10 0D B8 F9 
88 1B 10 10 11 2E 9F 
88 25 28 07 00 18 
88 1B 10 10 15 71 D7 
88 4B 10 11 4A D7 
88 1B 10 10 18 E1 07 
08 FF 80 03 25 
08 FF 10 03 58 
68 13 10 11 12 B1 
88 1B 10 10 1C C2 8A 
88 1B 10 10 1E CC B4 
08 FF 58 03 E8 
08 FF 97 03 68 
88 1B 10 10 1F CD E5 
08 FF 28 03 C3 
88 25 28 07 00 18 
88 1B 10 10 20 32 43 
88 4B 10 11 54 BC 
88 1B 10 10 1F EE 45 
88 1B 10 10 1F 60 C5 
88 1B 10 10 1E 70 44 
88 1B 10 10 1D 4C 46 
88 25 28 07 00 18 
88 1B 10 10 1B E7 9D 
88 4B 10 11 5A 1A 
88 1B 10 10 1A 8B D9 
08 FF 60 03 73 
08 FF 40 03 06 
88 1B 10 10 19 C8 39 
88 1B 10 10 1A 12 C7 
88 25 28 07 00 18 
88 1B 10 10 1A 83 31 
88 1B 10 10 1B 28 13 
88 4B 10 11 5D 49 
88 1B 10 10 1B E7 9D 
88 1B 10 10 1C 8C 3F 
88 1B 10 10 1D 14 70 
68 13 10 11 04 32 
88 25 28 07 00 18 
88 1B 10 10 1C C2 8A 
08 FF 80 03 25 
88 1B 10 10 1B A3 FA 
08 FF 10 03 58 
88 1B 10 10 1A 28 5F 
68 13 10 11 00 46 
88 1B 10 10 19 4F 4C 
08 FF 58 03 E8 
08 FF 97 03 68 
88 1B 10 10 18 0A 7A 
08 FF 28 03 C3 
88 25 28 07 00 18 
88 1B 10 10 16 4D D5 
88 1B 10 10 14 FB 6F 
88 1B 10 10 13 C7 40 
88 1B 10 10 13 16 A5 
88 1B 10 10 12 0E CC 
88 1B 10 10 11 38 1C 
88 25 28 07 00 18 
88 1B 10 10 10 46 AF 
08 FF 40 03 06 
88 1B 10 10 0F 8A 11 
88 1B 10 10 0E BB 0A 
88 4B 10 11 59 3D 
88 1B 10 10 0E 11 79 
88 1B 10 10 0D 6C 75 
88 25 28 07 00 18 
08 FF 60 03 73 
88 1B 10 10 0C D4 BD 
88 1B 10 10 0C 61 B8 
88 1B 10 10 0B DA E2 
88 4B 10 11 51 D5 
88 1B 10 10 0B 87 BD 
88 1B 10 10 0B 3D 03 
88 25 28 07 00 18 
08 FF 80 03 25 
08 FF 10 03 58 
88 1B 10 10 0A E5 5F 
88 4B 10 11 4C 99 
08 FF 58 03 E8 
08 FF 97 03 68 
08 FF 28 03 C3 
88 25 28 07 00 18 
88 1B 10 10 0B 3C 1E 
88 4B 10 11 49 F0 
88 25 28 07 00 18 
08 FF 40 03 06 
88 4B 10 11 47 56 
88 25 28 07 00 18 
88 1B 10 10 0A F2 C1 
08 FF 60 03 73 
88 1B 10 10 0A AD A4 
08 FF 80 03 25 
08 FF 10 03 58 
A8 73 40 08 05 88 4D 
88 25 28 07 00 18 
88 1B 10 10 0A 6A C2 
A8 73 40 08 05 96 26 
08 FF 58 03 E8 
08 FF 97 03 68 
88 1B 10 10 0A 0E 22 
A8 73 40 08 05 88 4D 
A8 73 40 08 05 9D E9 
08 FF 28 03 C3 
88 25 28 07 00 18 
A8 73 40 08 05 8F 1E 
A8 73 40 08 05 9D E9 
88 1B 10 10 0A 50 5A 
68 49 10 10 8A F4 
08 FF 40 03 06 
88 25 28 07 00 18 
88 1B 10 10 09 FD AE 
88 1B 10 10 09 95 D2 
A8 73 40 08 05 81 B8 
88 25 28 07 00 18 
A8 73 40 08 05 96 26 
88 4B 10 11 44 71 
08 FF 80 03 25 
08 FF 10 03 58 
88 1B 10 10 09 EC 7E 
88 25 28 07 00 18 
08 FF 60 03 73 
08 FF 58 03 E8 
08 FF 97 03 68 
08 FF 28 03 C3 
88 25 28 07 00 18 
88 1B 10 10 09 A5 98 
08 FF 40 03 06 
88 25 28 07 00 18 
88 25 28 07 00 18 
88 1B 10 10 09 63 E3 
08 FF 80 03 25 
08 FF 10 03 58 
88 1B 10 10 09 B6 72 
08 FF 58 03 E8 
88 25 28 07 00 18 
08 FF 97 03 68 
88 1B 10 10 09 6A 16 
08 FF 60 03 73 
08 FF 28 03 C3 
88 25 28 07 00 18 
A8 73 40 08 05 88 4D 
08 FF 40 03 06 
88 25 28 07 00 18 
A8 73 40 08 05 9D E9 
88 25 28 07 00 18 
A8 73 40 08 05 8F 1E 
08 FF 80 03 25 
08 FF 10 03 58 
08 FF 58 03 E8 
08 FF 97 03 68 
A8 73 40 08 05 81 B8 
88 25 28 07 00 18 
A8 73 40 08 05 96 26 
A8 73 40 08 05 88 4D 
08 FF 60 03 73 
08 FF 28 03 C3 
88 25 28 07 00 18 
08 FF 40 03 06 
A8 73 40 08 05 9D E9 
88 25 28 07 00 18 
A8 73 40 08 05 8F 1E 
88 25 28 07 00 18 
88 1B 10 10 09 29 22 
08 FF 80 03 25 
08 FF 10 03 58 
88 1B 10 10 09 72 33 
08 FF 58 03 E8 
08 FF 97 03 68 
A8 73 40 08 05 9D E9 
A8 73 40 08 05 8F 1E 
88 25 28 07 00 18 
08 FF 28 03 C3 
88 25 28 07 00 18 
08 FF 40 03 06 
08 FF 60 03 73 
A8 73 40 08 05 9D E9 
A8 73 40 08 05 7A 08 
88 1B 10 10 09 2E 71 
88 25 28 07 00 18 
A8 73 40 08 05 9D E9 
88 1B 10 10 09 6F 7F 
88 1B 10 10 09 29 22 
A8 73 40 08 05 8F 1E 
88 25 28 07 00 18 
08 FF 80 03 25 
08 FF 10 03 58 
88 1B 10 10 09 70 09 
08 FF 58 03 E8 
08 FF 97 03 68 
88 1B 10 10 09 24 A3 
88 1B 10 10 09 64 B0 
88 25 28 07 00 18 
A8 73 40 08 05 9D E9 
A8 73 40 08 05 8F 1E 
08 FF 28 03 C3 
88 25 28 07 00 18 
08 FF 40 03 06 
08 FF 60 03 73 
88 1B 10 10 09 13 BA 
88 25 28 07 00 18 
88 1B 10 10 09 66 8A 
88 1B 10 10 09 24 A3 
08 FF 80 03 25 
08 FF 10 03 58 
88 1B 10 10 09 7C 95 
88 25 28 07 00 18 
88 1B 10 10 09 29 22 
A8 73 40 08 05 9D E9 
08 FF 58 03 E8 
08 FF 97 03 68 
88 1B 10 10 09 70 09 
A8 73 40 08 05 8F 1E 
88 25 28 07 00 18 
08 FF 40 03 06 
08 FF 28 03 C3 
88 25 28 07 00 18 
A8 73 40 08 05 9D E9 
A8 73 40 08 05 81 B8 
A8 73 40 08 05 8F 1E 
88 25 28 07 00 18 
A8 73 40 08 05 81 B8 
08 FF 60 03 73 
A8 73 40 08 05 96 26 
08 FF 80 03 25 
08 FF 10 03 58 
88 25 28 07 00 18 
08 FF 58 03 E8 
08 FF 97 03 68 
88 25 28 07 00 18 
08 FF 40 03 06 
08 FF 28 03 C3 
88 25 28 07 00 18 
88 25 28 07 00 18 
08 FF 80 03 25 
08 FF 10 03 58 
08 FF 60 03 73 
08 FF 58 03 E8 
08 FF 97 03 68 
88 25 28 07 00 18 
88 25 28 07 00 18 
08 FF 40 03 06 
08 FF 28 03 C3 
88 25 28 07 00 18 
88 25 28 07 00 18 
08 FF 80 03 25 
08 FF 10 03 58 
A8 73 40 08 05 88 4D 
A8 73 40 08 05 96 26 
08 FF 58 03 E8 
08 FF 97 03 68 
88 25 28 07 00 18 
08 FF 60 03 73 
88 25 28 07 00 18 
08 FF 40 03 06 
08 FF 28 03 C3 
88 25 28 07 00 18 
88 25 28 07 00 18 
08 FF 80 03 25 
08 FF 10 03 58 
08 FF 58 03 E8 
08 FF 97 03 68 
88 25 28 07 00 18 
08 FF 60 03 73 
88 25 28 07 00 18 
08 FF 40 03 06 
08 FF 28 03 C3 
88 25 28 07 00 18 
08 FF 10 03 58 
08 FF 80 03 25 
88 25 28 07 00 18 
08 FF 58 03 E8 
08 FF 97 03 68 
88 1B 10 10 09 24 A3 
88 1B 10 10 09 7E AF 
88 25 28 07 00 18 
08 FF 40 03 06 
88 25 28 07 00 18 
08 FF 60 03 73 
08 FF 28 03 C3 
88 25 28 07 00 18 
08 FF 10 03 58 
08 FF 80 03 25 
88 25 28 07 00 18 
08 FF 58 03 E8 
08 FF 97 03 68 
88 25 28 07 00 18 
08 FF 40 03 06 
88 25 28 07 00 18 
08 FF 60 03 73 
08 FF 28 03 C3 
88 25 28 07 00 18 
88 2B 10 0B 20 00 84 
A9 2A 28 4B EB 
08 FF 10 03 58 
08 FF 80 03 25 
08 FF 58 03 E8 
88 25 28 07 00 18 
88 1B 10 10 09 31 07 
08 FF 97 03 68 
88 1B 10 10 09 73 2E 
88 25 28 07 00 18 
08 FF 40 03 06 
88 25 28 07 00 18 
08 FF 60 03 73 
08 FF 28 03 C3 
88 25 28 07 00 18 
88 1B 10 10 09 B6 72 
88 1B 10 10 0A 41 8A 
08 FF 10 03 58 
08 FF 80 03 25 
88 1B 10 10 0B 3B 4D 
88 1B 10 10 0B D3 17 
08 FF 58 03 E8 
88 1B 10 10 0C 5F 54 
08 FF 97 03 68 
88 25 28 07 00 18 
88 1B 10 10 0C CE A2 
88 1B 10 10 0D 55 CA 
88 1B 10 10 0D CF F3 
88 1B 10 10 0E 36 AD 
88 1B 10 10 0E D3 76 
88 4B 10 11 48 ED 
88 25 28 07 00 18 
88 1B 10 10 0F 75 D5 
88 1B 10 10 10 2C E9 
88 1B 10 10 10 96 57 
08 FF 40 03 06 
88 1B 10 10 10 F8 65 
88 1B 10 10 11 38 1C 
88 4B 10 11 4D 84 
88 25 28 07 00 18 
88 1B 10 10 10 EC DC 
88 1B 10 10 10 84 A0 
88 4B 10 11 50 C8 
08 FF 28 03 C3 
88 25 28 07 00 18 
88 1B 10 10 10 08 1A 
88 1B 10 10 0F 6B BE 
08 FF 10 03 58 
08 FF 80 03 25 
08 FF 60 03 73 
88 1B 10 10 0E DC CD 
88 1B 10 10 0E 38 0B 
08 FF 58 03 E8 
08 FF 97 03 68 
88 1B 10 10 0D AA 0E 
88 1B 10 10 0D 41 73 
88 25 28 07 00 18 
88 1B 10 10 0C FA 9C 
88 4B 10 11 4D 84 
88 1B 10 10 0C 8D 96 
88 1B 10 10 0C 4D A3 
88 1B 10 10 0C 0C AD 
88 25 28 07 00 18 
88 1B 10 10 0B B2 9E 
88 4B 10 11 4A D7 
08 FF 40 03 06 
88 1B 10 10 0B 6A 8E 
88 1B 10 10 0B 13 22 
88 25 28 07 00 18 
88 4B 10 11 47 56 
88 1B 10 10 0B 5B D9 
08 FF 28 03 C3 
88 25 28 07 00 18 
08 FF 10 03 58 
08 FF 80 03 25 
08 FF 58 03 E8 
08 FF 97 03 68 
08 FF 60 03 73 
88 25 28 07 00 18 
88 4B 10 11 45 6C 
88 1B 10 10 0B 12 3F 
88 25 28 07 00 18 
08 FF 40 03 06 
88 1B 10 10 0A C0 B1 
88 1B 10 10 0A 7D 5C 
88 1B 10 10 0A 3C 52 
88 25 28 07 00 18 
88 1B 10 10 09 F2 15 
08 FF 10 03 58 
08 FF 80 03 25 
08 FF 28 03 C3 
88 25 28 07 00 18 
88 1B 10 10 09 AB 3E 
08 FF 58 03 E8 
08 FF 97 03 68 
88 25 28 07 00 18 
08 FF 60 03 73 
08 FF 40 03 06 
88 25 28 07 00 18 
88 1B 10 10 0A 06 CA 
88 25 28 07 00 18 
88 1B 10 10 09 AD 70 
08 FF 10 03 58 
08 FF 80 03 25 
08 FF 28 03 C3 
88 25 28 07 00 18 
08 FF 58 03 E8 
08 FF 97 03 68 
88 25 28 07 00 18 
88 1B 10 10 09 52 B4 
88 1B 10 10 09 A0 F1 
08 FF 40 03 06 
08 FF 60 03 73 
88 25 28 07 00 18 
88 25 28 07 00 18 
88 1B 10 10 09 5B 41 
08 FF 10 03 58 
08 FF 80 03 25 
88 1B 10 10 09 A4 85 
08 FF 58 03 E8 
08 FF 28 03 C3 
88 25 28 07 00 18 
08 FF 97 03 68 
88 1B 10 10 09 52 B4 
88 1B 10 10 09 95 D2 
88 25 28 07 00 18 
08 FF 40 03 06 
88 25 28 07 00 18 
88 1B 10 10 09 49 B6 
08 FF 60 03 73 
88 1B 10 10 09 94 CF 
88 25 28 07 00 18 
08 FF 10 03 58 
08 FF 80 03 25 
08 FF 58 03 E8 
08 FF 97 03 68 
08 FF 28 03 C3 
88 25 28 07 00 18 
88 25 28 07 00 18 
08 FF 40 03 06
